header : 
  cloc_url           : github.com/AlDanial/cloc
  cloc_version       : 2.06
  elapsed_seconds    : 0.0297901630401611
  n_files            : 5
  n_lines            : 3828
  files_per_second   : 167.840638980704
  lines_per_second   : 128498.793203627
  report_file        : /tmp/tmp.rypNSKpoKN
'PHP' :
  nFiles: 5
  blank: 393
  comment: 1723
  code: 1712
SUM: 
  blank: 393
  comment: 1723
  code: 1712
  nFiles: 5
